--- RESUMEN DEL ENTRENAMIENTO ---

Jugadas totales: 25000
Saldo inicial: 100.00
Saldo final: 95.40

--- Primeras 8 jugadas ---
Paso: 1, Acción: [0.0, 1.0, 0.0, 0.0, 1.0, 1.0, 1.0, 1.0, 1.0, 0.0, 0.0, 1.0, 0.0], Saldo: 92.50
Paso: 2, Acción: [0.0, 0.0, 1.0, 0.0, 0.0, 0.0, 1.0, 1.0, 1.0, 1.0, 1.0, 0.0, 0.0], Saldo: 88.50
Paso: 3, Acción: [1.0, 1.0, 0.0, 1.0, 1.0, 1.0, 1.0, 1.0, 1.0, 0.0, 0.0, 0.0, 1.0], Saldo: 76.00
Paso: 4, Acción: [1.0, 0.0, 1.0, 0.0, 1.0, 1.0, 0.0, 0.0, 0.0, 0.0, 0.0, 0.0, 0.0], Saldo: 75.00
Paso: 5, Acción: [0.0, 0.0, 1.0, 0.0, 0.0, 1.0, 1.0, 1.0, 0.0, 0.0, 0.0, 0.0, 1.0], Saldo: 66.50
Paso: 6, Acción: [0.0, 1.0, 1.0, 0.0, 0.0, 1.0, 1.0, 1.0, 1.0, 0.0, 0.0, 0.0, 1.0], Saldo: 56.00
Paso: 7, Acción: [1.0, 1.0, 1.0, 0.0, 0.0, 1.0, 1.0, 0.0, 1.0, 1.0, 0.0, 1.0, 1.0], Saldo: 40.50
Paso: 8, Acción: [0.0, 0.0, 1.0, 1.0, 0.0, 1.0, 1.0, 1.0, 1.0, 1.0, 1.0, 0.0, 1.0], Saldo: 32.00

--- 8 jugadas intermedias ---
Paso: 12497, Acción: [0.0, 1.0, 0.0, 0.0, 1.0, 1.0, 1.0, 1.0, 0.0, 0.0, 1.0, 0.0, 1.0], Saldo: 1.00
Paso: 12498, Acción: [0.0, 0.0, 0.0, 1.0, 1.0, 0.0, 1.0, 0.0, 1.0, 1.0, 0.0, 0.0, 0.0], Saldo: -4.50
Paso: 12499, Acción: [0.0, 0.0, 1.0, 0.0, 0.0, 0.0, 1.0, 0.0, 0.0, 1.0, 0.0, 1.0, 0.0], Saldo: 101.00
Paso: 12500, Acción: [1.0, 0.0, 0.0, 1.0, 1.0, 1.0, 1.0, 0.0, 1.0, 0.0, 0.0, 0.0, 0.0], Saldo: 89.00
Paso: 12501, Acción: [0.0, 1.0, 1.0, 1.0, 0.0, 1.0, 1.0, 0.0, 1.0, 0.0, 0.0, 1.0, 0.0], Saldo: 82.50
Paso: 12502, Acción: [0.0, 0.0, 0.0, 0.0, 0.0, 0.0, 0.0, 0.0, 1.0, 1.0, 0.0, 1.0, 0.0], Saldo: 79.00
Paso: 12503, Acción: [0.0, 1.0, 1.0, 1.0, 1.0, 1.0, 1.0, 0.0, 1.0, 0.0, 0.0, 1.0, 0.0], Saldo: 72.00
Paso: 12504, Acción: [0.0, 0.0, 0.0, 0.0, 0.0, 0.0, 1.0, 0.0, 0.0, 0.0, 1.0, 1.0, 0.0], Saldo: 72.50

--- Últimas 8 jugadas ---
Paso: 24993, Acción: [0.0, 0.0, 0.0, 0.0, 0.0, 1.0, 0.0, 0.0, 0.0, 0.0, 1.0, 0.0, 0.0], Saldo: 17.80
Paso: 24994, Acción: [0.0, 0.0, 1.0, 0.0, 1.0, 0.0, 1.0, 0.0, 0.0, 0.0, 0.0, 1.0, 0.0], Saldo: 14.80
Paso: 24995, Acción: [0.0, 0.0, 1.0, 1.0, 0.0, 0.0, 1.0, 1.0, 0.0, 0.0, 0.0, 0.0, 0.0], Saldo: 11.80
Paso: 24996, Acción: [0.0, 0.0, 0.0, 0.0, 1.0, 0.0, 0.0, 0.0, 1.0, 1.0, 0.0, 1.0, 0.0], Saldo: 5.80
Paso: 24997, Acción: [1.0, 0.0, 1.0, 0.0, 0.0, 0.0, 1.0, 0.0, 0.0, 1.0, 1.0, 0.0, 1.0], Saldo: -5.20
Paso: 24998, Acción: [0.0, 0.0, 0.0, 0.0, 0.0, 0.0, 0.0, 0.0, 0.0, 0.0, 0.0, 0.0, 0.0], Saldo: 99.90
Paso: 24999, Acción: [0.0, 1.0, 0.0, 0.0, 0.0, 0.0, 0.0, 0.0, 0.0, 0.0, 0.0, 0.0, 0.0], Saldo: 97.40
Paso: 25000, Acción: [0.0, 1.0, 0.0, 0.0, 0.0, 0.0, 0.0, 1.0, 0.0, 0.0, 0.0, 0.0, 0.0], Saldo: 95.40

--- 10 Números más frecuentes ---
Número 20: 726 veces (2.90%)
Número 14: 718 veces (2.87%)
Número 0: 716 veces (2.86%)
Número 2: 706 veces (2.82%)
Número 29: 704 veces (2.82%)
Número 34: 700 veces (2.80%)
Número 13: 696 veces (2.78%)
Número 19: 693 veces (2.77%)
Número 26: 693 veces (2.77%)
Número 10: 688 veces (2.75%)

-- Zonas más frecuentes --
Zona más frecuente: Voisins du Zero con 11480 veces (45.92%)

-- Docenas más frecuentes --
Docena más frecuente: Tercera Docena con 8150 veces (32.60%)

-- Columnas más frecuentes --
Columna más frecuente: Segunda Columna con 8205 veces (32.82%)

==================================================
--- RESUMEN DEL ENTRENAMIENTO | 2025-08-13 13:49:42 ---

Jugadas totales: 10000
Saldo inicial: 100.00
Saldo final: 136.00

--- Primeras 8 jugadas ---
Paso: 1, Acción: [0.0, 0.0, 1.0, 1.0, 0.0, 0.0, 0.0, 1.0, 0.0, 0.0, 1.0, 1.0, 1.0, 1.0, 1.0, 1.0], Saldo: 99.00
Paso: 2, Acción: [0.0, 1.0, 0.0, 1.0, 1.0, 0.0, 1.0, 0.0, 0.0, 1.0, 1.0, 0.0, 0.0, 1.0, 0.0, 0.0], Saldo: 105.00
Paso: 3, Acción: [0.0, 1.0, 1.0, 1.0, 0.0, 1.0, 1.0, 0.0, 0.0, 0.0, 1.0, 1.0, 1.0, 1.0, 0.0, 0.0], Saldo: 103.00
Paso: 4, Acción: [0.0, 0.0, 0.0, 0.0, 0.0, 0.0, 0.0, 1.0, 1.0, 1.0, 0.0, 0.0, 1.0, 0.0, 1.0, 0.0], Saldo: 98.00
Paso: 5, Acción: [1.0, 0.0, 0.0, 1.0, 0.0, 0.0, 0.0, 1.0, 0.0, 0.0, 1.0, 0.0, 1.0, 1.0, 0.0, 0.0], Saldo: 102.00
Paso: 6, Acción: [1.0, 1.0, 1.0, 1.0, 1.0, 0.0, 0.0, 1.0, 0.0, 1.0, 0.0, 1.0, 1.0, 0.0, 1.0, 1.0], Saldo: 103.00
Paso: 7, Acción: [0.0, 1.0, 0.0, 1.0, 0.0, 1.0, 1.0, 0.0, 1.0, 0.0, 1.0, 1.0, 0.0, 0.0, 0.0, 0.0], Saldo: 106.00
Paso: 8, Acción: [0.0, 1.0, 0.0, 1.0, 0.0, 1.0, 0.0, 0.0, 1.0, 1.0, 0.0, 1.0, 0.0, 0.0, 0.0, 1.0], Saldo: 101.00

--- 8 jugadas intermedias ---
Paso: 4997, Acción: [1.0, 0.0, 1.0, 1.0, 0.0, 0.0, 1.0, 0.0, 1.0, 1.0, 1.0, 1.0, 1.0, 1.0, 1.0, 0.0], Saldo: 97.00
Paso: 4998, Acción: [0.0, 1.0, 1.0, 1.0, 0.0, 0.0, 1.0, 0.0, 1.0, 1.0, 1.0, 1.0, 1.0, 1.0, 1.0, 1.0], Saldo: 95.00
Paso: 4999, Acción: [1.0, 1.0, 0.0, 0.0, 1.0, 0.0, 0.0, 1.0, 1.0, 1.0, 1.0, 1.0, 0.0, 1.0, 1.0, 0.0], Saldo: 95.00
Paso: 5000, Acción: [1.0, 0.0, 1.0, 1.0, 0.0, 1.0, 0.0, 0.0, 0.0, 0.0, 0.0, 0.0, 1.0, 0.0, 0.0, 0.0], Saldo: 96.00
Paso: 5001, Acción: [1.0, 1.0, 1.0, 1.0, 1.0, 1.0, 0.0, 0.0, 0.0, 1.0, 1.0, 0.0, 1.0, 1.0, 1.0, 1.0], Saldo: 118.00
Paso: 5002, Acción: [0.0, 1.0, 0.0, 1.0, 0.0, 1.0, 1.0, 0.0, 1.0, 0.0, 1.0, 0.0, 1.0, 0.0, 0.0, 0.0], Saldo: 121.00
Paso: 5003, Acción: [0.0, 0.0, 0.0, 1.0, 1.0, 0.0, 0.0, 1.0, 1.0, 0.0, 1.0, 0.0, 0.0, 0.0, 0.0, 0.0], Saldo: 124.00
Paso: 5004, Acción: [0.0, 1.0, 0.0, 1.0, 0.0, 0.0, 0.0, 1.0, 0.0, 1.0, 1.0, 0.0, 0.0, 0.0, 1.0, 1.0], Saldo: 124.00

--- Últimas 8 jugadas ---
Paso: 9993, Acción: [0.0, 0.0, 0.0, 0.0, 0.0, 0.0, 1.0, 0.0, 0.0, 0.0, 0.0, 0.0, 1.0, 1.0, 1.0, 1.0], Saldo: 151.00
Paso: 9994, Acción: [1.0, 1.0, 0.0, 1.0, 0.0, 1.0, 0.0, 0.0, 1.0, 0.0, 1.0, 0.0, 0.0, 0.0, 1.0, 1.0], Saldo: 145.00
Paso: 9995, Acción: [1.0, 0.0, 1.0, 1.0, 0.0, 0.0, 0.0, 0.0, 0.0, 1.0, 1.0, 1.0, 1.0, 0.0, 0.0, 1.0], Saldo: 142.00
Paso: 9996, Acción: [0.0, 0.0, 1.0, 1.0, 0.0, 1.0, 0.0, 0.0, 1.0, 0.0, 0.0, 1.0, 1.0, 0.0, 1.0, 1.0], Saldo: 139.00
Paso: 9997, Acción: [0.0, 0.0, 0.0, 1.0, 1.0, 1.0, 0.0, 1.0, 0.0, 1.0, 1.0, 1.0, 0.0, 1.0, 0.0, 0.0], Saldo: 138.00
Paso: 9998, Acción: [1.0, 0.0, 1.0, 0.0, 0.0, 0.0, 1.0, 0.0, 0.0, 1.0, 0.0, 1.0, 0.0, 0.0, 1.0, 0.0], Saldo: 140.00
Paso: 9999, Acción: [1.0, 1.0, 0.0, 0.0, 0.0, 1.0, 1.0, 1.0, 0.0, 0.0, 0.0, 1.0, 0.0, 0.0, 0.0, 0.0], Saldo: 139.00
Paso: 10000, Acción: [1.0, 0.0, 0.0, 1.0, 0.0, 1.0, 0.0, 0.0, 1.0, 1.0, 0.0, 1.0, 1.0, 0.0, 0.0, 1.0], Saldo: 136.00
