--- RESUMEN DEL ENTRENAMIENTO ---

Timestamp: 2025-08-14_08-18-36
Jugadas totales: 10000
Saldo inicial: 100000.00
Saldo final: 99307.50

--- Primeras 8 jugadas ---
Paso: 1, Acción: [0.0, 0.0, 0.0, 1.0, 1.0, 0.0, 0.0, 1.0, 0.0, 1.0, 0.0, 0.0, 1.0, 1.0, 0.0, 0.0], Saldo: 99999.00
Paso: 2, Acción: [0.0, 1.0, 0.0, 1.0, 1.0, 0.0, 0.0, 0.0, 0.0, 1.0, 0.0, 1.0, 0.0, 0.0, 1.0, 0.0], Saldo: 100001.00
Paso: 3, Acción: [1.0, 0.0, 1.0, 1.0, 1.0, 0.0, 1.0, 1.0, 0.0, 1.0, 1.0, 0.0, 1.0, 1.0, 1.0, 0.0], Saldo: 100000.00
Paso: 4, Acción: [0.0, 0.0, 0.0, 1.0, 0.0, 1.0, 0.0, 0.0, 0.0, 0.0, 1.0, 0.0, 0.0, 1.0, 0.0, 0.0], Saldo: 100001.00
Paso: 5, Acción: [0.0, 1.0, 0.0, 0.0, 0.0, 0.0, 0.0, 0.0, 0.0, 0.0, 1.0, 1.0, 1.0, 0.0, 1.0, 0.0], Saldo: 99998.00
Paso: 6, Acción: [0.0, 1.0, 0.0, 1.0, 1.0, 0.0, 0.0, 0.0, 1.0, 0.0, 1.0, 1.0, 0.0, 0.0, 1.0, 0.0], Saldo: 100001.00
Paso: 7, Acción: [1.0, 0.0, 1.0, 1.0, 0.0, 0.0, 1.0, 0.0, 0.0, 1.0, 0.0, 1.0, 0.0, 1.0, 1.0, 0.0], Saldo: 100001.00
Paso: 8, Acción: [0.0, 1.0, 1.0, 0.0, 0.0, 0.0, 1.0, 1.0, 1.0, 1.0, 0.0, 1.0, 0.0, 0.0, 0.0, 1.0], Saldo: 99999.00

--- 8 jugadas intermedias ---
Paso: 4997, Acción: [0.0, 1.0, 1.0, 1.0, 0.0, 1.0, 0.0, 0.0, 1.0, 0.0, 1.0, 0.0, 0.0, 1.0, 0.0, 1.0], Saldo: 99592.00
Paso: 4998, Acción: [1.0, 1.0, 0.0, 1.0, 1.0, 0.0, 0.0, 1.0, 0.0, 0.0, 0.0, 1.0, 1.0, 1.0, 0.0, 1.0], Saldo: 99590.00
Paso: 4999, Acción: [1.0, 1.0, 1.0, 1.0, 0.0, 1.0, 0.0, 1.0, 0.0, 0.0, 1.0, 1.0, 1.0, 1.0, 1.0, 0.0], Saldo: 99591.00
Paso: 5000, Acción: [1.0, 1.0, 0.0, 1.0, 1.0, 1.0, 1.0, 1.0, 1.0, 0.0, 1.0, 0.0, 1.0, 1.0, 0.0, 0.0], Saldo: 99590.00
Paso: 5001, Acción: [1.0, 0.0, 1.0, 1.0, 1.0, 1.0, 0.0, 1.0, 1.0, 0.0, 1.0, 0.0, 1.0, 1.0, 0.0, 0.0], Saldo: 99520.00
Paso: 5002, Acción: [1.0, 1.0, 0.0, 0.0, 0.0, 1.0, 1.0, 1.0, 1.0, 1.0, 1.0, 1.0, 0.0, 1.0, 1.0, 1.0], Saldo: 99521.00
Paso: 5003, Acción: [0.0, 0.0, 0.0, 1.0, 1.0, 0.0, 1.0, 0.0, 0.0, 1.0, 0.0, 0.0, 0.0, 1.0, 1.0, 1.0], Saldo: 99522.00
Paso: 5004, Acción: [1.0, 0.0, 0.0, 0.0, 0.0, 0.0, 0.0, 0.0, 0.0, 0.0, 0.0, 1.0, 1.0, 0.0, 0.0, 0.0], Saldo: 99521.00

--- Últimas 8 jugadas ---
Paso: 9993, Acción: [0.0, 1.0, 0.0, 1.0, 0.0, 0.0, 0.0, 1.0, 0.0, 1.0, 1.0, 0.0, 1.0, 1.0, 1.0, 0.0], Saldo: 99314.50
Paso: 9994, Acción: [0.0, 0.0, 0.0, 1.0, 0.0, 1.0, 0.0, 0.0, 1.0, 1.0, 1.0, 0.0, 1.0, 1.0, 1.0, 0.0], Saldo: 99314.50
Paso: 9995, Acción: [0.0, 0.0, 0.0, 1.0, 0.0, 0.0, 1.0, 1.0, 1.0, 0.0, 1.0, 0.0, 0.0, 0.0, 0.0, 0.0], Saldo: 99312.50
Paso: 9996, Acción: [0.0, 1.0, 0.0, 1.0, 0.0, 0.0, 0.0, 1.0, 0.0, 0.0, 0.0, 0.0, 1.0, 1.0, 0.0, 1.0], Saldo: 99306.50
Paso: 9997, Acción: [1.0, 0.0, 1.0, 0.0, 0.0, 1.0, 0.0, 1.0, 1.0, 0.0, 0.0, 1.0, 0.0, 1.0, 1.0, 0.0], Saldo: 99309.50
Paso: 9998, Acción: [0.0, 1.0, 0.0, 1.0, 0.0, 1.0, 1.0, 1.0, 0.0, 0.0, 0.0, 0.0, 0.0, 1.0, 1.0, 0.0], Saldo: 99308.50
Paso: 9999, Acción: [0.0, 0.0, 1.0, 0.0, 0.0, 0.0, 0.0, 0.0, 0.0, 1.0, 1.0, 1.0, 0.0, 1.0, 0.0, 1.0], Saldo: 99307.50
Paso: 10000, Acción: [1.0, 1.0, 0.0, 0.0, 1.0, 1.0, 1.0, 1.0, 1.0, 0.0, 1.0, 0.0, 1.0, 1.0, 0.0, 0.0], Saldo: 99307.50

==================================================
--- ANÁLISIS MACRO | 2025-08-14 08:25:40 ---
Jugadas totales: 10000

--- 10 Números más frecuentes ---
Número 2: 303 veces (3.03%)
Número 30: 300 veces (3.00%)
Número 15: 299 veces (2.99%)
Número 16: 294 veces (2.94%)
Número 4: 291 veces (2.91%)
Número 24: 291 veces (2.91%)
Número 31: 289 veces (2.89%)
Número 32: 288 veces (2.88%)
Número 27: 286 veces (2.86%)
Número 6: 284 veces (2.84%)

-- Zonas más frecuentes --
Zona más frecuente: Zona del Cero con 4547 veces (45.47%)

-- Docenas más frecuentes --
Docena más frecuente: Tercera Docena con 3282 veces (32.82%)

-- Columnas más frecuentes --
Columna más frecuente: Tercera Columna con 3298 veces (32.98%)
